quicksort: 0.81562 segundos, 39040 KB de memoria
mergesort: 3.09344 segundos, 7448 KB de memoria
pandasort: 556.807 segundos, 39088 KB de memoria
insertionsort: 0.00473308 segundos, 1920 KB de memoria
stlsort: 2.63897 segundos, 39040 KB de memoria
