quicksort: 2.08248 segundos, 39040 KB de memoria
mergesort: 6.55948 segundos, 8448 KB de memoria
pandasort: 1017.82 segundos, 39088 KB de memoria
insertionsort: 305.553 segundos, 1792 KB de memoria
stlsort: 3.70071 segundos, 39040 KB de memoria
