quicksort: 0.000131625 segundos, 0 KB de memoria
mergesort: 0.000466375 segundos, 0 KB de memoria
pandasort: 0.000956692 segundos, 0 KB de memoria
insertionsort: 0.00129209 segundos, 0 KB de memoria
stlsort: 0.000198575 segundos, 0 KB de memoria
