quicksort: 2.04443 segundos, 39040 KB de memoria
mergesort: 6.37172 segundos, 58468 KB de memoria
pandasort: 1021.42 segundos, 21884 KB de memoria
insertionsort: 305.87 segundos, 1792 KB de memoria
stlsort: 3.70277 segundos, 39040 KB de memoria
