quicksort: 1.72884 segundos, 39040 KB de memoria
mergesort: 3.22185 segundos, 7424 KB de memoria
pandasort: 558.691 segundos, 39088 KB de memoria
insertionsort: 0.00514399 segundos, 1920 KB de memoria
stlsort: 0.819052 segundos, 39040 KB de memoria
