quicksort: 2.70056 segundos, 39040 KB de memoria
mergesort: 4.62323 segundos, 7424 KB de memoria
pandasort: 1036.36 segundos, 39088 KB de memoria
insertionsort: 346.269 segundos, 1920 KB de memoria
stlsort: 4.51751 segundos, 39040 KB de memoria
