14
4
5
0 2 44
2 0 44
0 3 32
3 0 32
0 8 39
8 0 39
1 8 36
8 1 36
1 11 92
11 1 92
2 9 18
9 2 18
2 12 32
12 2 32
3 10 19
10 3 19
4 5 76
5 4 76
5 6 20
6 5 20
6 12 4
12 6 4
6 13 38
13 6 38
7 8 12
8 7 12
7 12 97
12 7 97
9 11 66
11 9 66
10 13 51
13 10 51
11 13 31
13 11 31
