9
4
0
0 4 68
4 0 68
0 5 21
5 0 21
0 6 6
6 0 6
0 8 58
8 0 58
1 3 25
3 1 25
1 5 35
5 1 35
2 5 82
5 2 82
2 6 96
6 2 96
2 8 16
8 2 16
4 8 26
8 4 26
5 7 56
7 5 56
6 7 93
7 6 93
7 8 24
8 7 24
