18
0
16
0 2 95
2 0 95
1 6 19
6 1 19
1 8 32
8 1 32
1 16 51
16 1 51
2 14 79
14 2 79
3 14 81
14 3 81
3 15 33
15 3 33
4 7 48
7 4 48
4 10 67
10 4 67
5 8 47
8 5 47
5 13 52
13 5 52
5 15 49
15 5 49
6 9 32
9 6 32
6 13 44
13 6 44
7 11 78
11 7 78
7 16 9
16 7 9
8 12 32
12 8 32
9 12 63
12 9 63
10 17 45
17 10 45
11 17 90
17 11 90
