14
0
12
0 2 43
2 0 43
0 12 10
12 0 10
0 13 52
13 0 52
1 4 56
4 1 56
1 7 60
7 1 60
2 5 14
5 2 14
2 10 36
10 2 36
3 6 51
6 3 51
3 8 34
8 3 34
3 9 32
9 3 32
3 11 60
11 3 60
4 9 25
9 4 25
4 12 30
12 4 30
5 8 13
8 5 13
5 13 42
13 5 42
6 10 79
10 6 79
7 9 73
9 7 73
7 10 17
10 7 17
7 11 84
11 7 84
8 9 2
9 8 2
8 11 41
11 8 41
8 13 96
13 8 96
10 11 31
11 10 31
10 13 64
13 10 64
11 13 48
13 11 48
