13
5
7
0 2 57
2 0 57
0 7 44
7 0 44
1 2 96
2 1 96
1 8 33
8 1 33
2 6 30
6 2 30
3 4 26
4 3 26
3 8 34
8 3 34
4 6 52
6 4 52
4 11 2
11 4 2
5 10 23
10 5 23
5 12 47
12 5 47
6 9 28
9 6 28
7 11 76
11 7 76
8 11 48
11 8 48
9 12 76
12 9 76
10 11 10
11 10 10
