15
9
6
0 1 60
1 0 60
0 11 51
11 0 51
1 4 35
4 1 35
1 5 24
5 1 24
1 13 86
13 1 86
2 3 45
3 2 45
2 5 52
5 2 52
2 9 91
9 2 91
2 12 97
12 2 97
2 14 35
14 2 35
3 5 63
5 3 63
3 6 88
6 3 88
3 12 48
12 3 48
4 12 43
12 4 43
5 8 36
8 5 36
6 7 22
7 6 22
7 8 11
8 7 11
7 13 40
13 7 40
9 13 29
13 9 29
10 11 73
11 10 73
10 13 31
13 10 31
11 14 30
14 11 30
