17
14
4
0 2 12
2 0 12
0 5 63
5 0 63
1 4 97
4 1 97
1 5 87
5 1 87
1 9 63
9 1 63
1 10 97
10 1 97
1 16 61
16 1 61
2 3 82
3 2 82
3 5 7
5 3 7
3 9 92
9 3 92
4 6 88
6 4 88
4 10 46
10 4 46
5 7 21
7 5 21
5 8 39
8 5 39
5 16 6
16 5 6
6 7 16
7 6 16
6 9 59
9 6 59
6 14 36
14 6 36
7 8 7
8 7 7
8 13 32
13 8 32
8 15 76
15 8 76
10 15 44
15 10 44
11 13 100
13 11 100
11 14 59
14 11 59
12 13 37
13 12 37
12 16 29
16 12 29
15 16 35
16 15 35
