10
8
9
0 2 71
2 0 71
0 3 28
3 0 28
1 2 83
2 1 83
1 5 62
5 1 62
1 7 76
7 1 76
2 5 36
5 2 36
2 9 13
9 2 13
3 4 33
4 3 33
3 5 54
5 3 54
3 8 26
8 3 26
4 6 41
6 4 41
4 8 25
8 4 25
4 9 92
9 4 92
5 7 80
7 5 80
5 9 100
9 5 100
6 7 18
7 6 18
7 8 49
8 7 49
7 9 43
9 7 43
