16
6
10
0 7 96
7 0 96
1 4 65
4 1 65
1 5 9
5 1 9
1 10 11
10 1 11
2 8 26
8 2 26
2 11 18
11 2 18
3 5 72
5 3 72
3 10 49
10 3 49
3 11 74
11 3 74
4 14 60
14 4 60
6 13 95
13 6 95
6 15 17
15 6 17
7 8 45
8 7 45
9 10 16
10 9 16
9 12 37
12 9 37
12 15 3
15 12 3
13 14 82
14 13 82
