15
13
0
0 4 79
4 0 79
0 9 71
9 0 71
0 13 40
13 0 40
1 10 69
10 1 69
1 12 14
12 1 14
2 3 47
3 2 47
2 9 96
9 2 96
2 10 35
10 2 35
2 11 42
11 2 42
2 12 18
12 2 18
3 7 9
7 3 9
3 14 28
14 3 28
4 6 51
6 4 51
4 14 46
14 4 46
5 8 26
8 5 26
5 12 64
12 5 64
6 8 73
8 6 73
6 11 6
11 6 6
7 8 60
8 7 60
8 10 67
10 8 67
9 10 67
10 9 67
11 13 27
13 11 27
