9
8
4
0 2 64
2 0 64
0 4 32
4 0 32
0 5 38
5 0 38
0 6 87
6 0 87
1 2 84
2 1 84
1 3 78
3 1 78
2 8 77
8 2 77
3 4 21
4 3 21
3 6 12
6 3 12
4 7 78
7 4 78
5 7 81
7 5 81
5 8 65
8 5 65
