16
4
6
0 6 59
6 0 59
0 9 95
9 0 95
1 12 65
12 1 65
1 13 64
13 1 64
2 11 24
11 2 24
2 15 93
15 2 93
3 5 65
5 3 65
3 8 67
8 3 67
4 9 52
9 4 52
4 11 91
11 4 91
5 10 81
10 5 81
6 7 82
7 6 82
9 10 15
10 9 15
10 14 92
14 10 92
12 14 89
14 12 89
13 15 48
15 13 48
