18
8
1
0 6 4
6 0 4
0 11 74
11 0 74
0 12 72
12 0 72
1 3 81
3 1 81
1 12 58
12 1 58
1 15 54
15 1 54
1 17 68
17 1 68
2 3 12
3 2 12
2 8 33
8 2 33
2 10 32
10 2 32
3 4 57
4 3 57
3 16 89
16 3 89
4 7 70
7 4 70
4 9 31
9 4 31
4 15 25
15 4 25
5 7 74
7 5 74
5 9 25
9 5 25
5 10 56
10 5 56
5 13 10
13 5 10
6 14 88
14 6 88
6 15 49
15 6 49
7 8 11
8 7 11
7 10 51
10 7 51
7 15 71
15 7 71
8 17 44
17 8 44
9 10 99
10 9 99
9 14 6
14 9 6
10 13 13
13 10 13
11 12 29
12 11 29
11 16 44
16 11 44
