12
4
9
0 1 22
1 0 22
0 7 36
7 0 36
0 9 96
9 0 96
1 11 75
11 1 75
2 7 4
7 2 4
3 4 33
4 3 33
3 7 90
7 3 90
3 9 34
9 3 34
4 5 92
5 4 92
4 8 97
8 4 97
4 9 41
9 4 41
5 7 67
7 5 67
6 8 15
8 6 15
6 10 30
10 6 30
8 9 87
9 8 87
9 11 74
11 9 74
10 11 57
11 10 57
