9
8
1
0 1 15
1 0 15
0 6 84
6 0 84
1 3 54
3 1 54
1 5 8
5 1 8
1 6 29
6 1 29
2 7 47
7 2 47
2 8 27
8 2 27
3 4 89
4 3 89
3 5 31
5 3 31
4 5 73
5 4 73
4 6 45
6 4 45
5 8 47
8 5 47
6 7 64
7 6 64
