16
12
15
0 3 79
3 0 79
0 14 15
14 0 15
1 2 74
2 1 74
1 5 71
5 1 71
2 3 69
3 2 69
2 7 99
7 2 99
3 5 31
5 3 31
3 11 67
11 3 67
4 6 20
6 4 20
4 7 31
7 4 31
4 10 63
10 4 63
4 12 52
12 4 52
4 14 2
14 4 2
5 7 62
7 5 62
5 10 91
10 5 91
5 14 19
14 5 19
6 9 62
9 6 62
6 11 88
11 6 88
7 8 95
8 7 95
7 11 15
11 7 15
8 9 23
9 8 23
8 11 8
11 8 8
8 14 47
14 8 47
10 15 98
15 10 98
12 13 38
13 12 38
13 15 4
15 13 4
