16
5
9
0 2 30
2 0 30
0 10 91
10 0 91
1 3 52
3 1 52
1 4 5
4 1 5
2 14 19
14 2 19
3 13 53
13 3 53
4 8 27
8 4 27
5 6 16
6 5 16
5 12 3
12 5 3
6 10 49
10 6 49
7 9 29
9 7 29
7 11 32
11 7 32
8 9 14
9 8 14
11 14 87
14 11 87
13 15 93
15 13 93
