18
14
16
0 2 42
2 0 42
0 16 6
16 0 6
1 3 28
3 1 28
1 6 94
6 1 94
1 13 91
13 1 91
2 6 42
6 2 42
3 7 12
7 3 12
3 11 21
11 3 21
4 10 57
10 4 57
4 15 72
15 4 72
5 14 39
14 5 39
5 16 91
16 5 91
7 9 14
9 7 14
7 11 42
11 7 42
7 12 67
12 7 67
8 10 65
10 8 65
8 17 78
17 8 78
9 15 54
15 9 54
12 13 28
13 12 28
12 17 13
17 12 13
13 14 93
14 13 93
