16
11
12
0 4 97
4 0 97
0 6 70
6 0 70
0 13 41
13 0 41
1 5 99
5 1 99
1 7 45
7 1 45
2 3 56
3 2 56
2 12 48
12 2 48
2 15 8
15 2 8
3 14 72
14 3 72
4 8 19
8 4 19
5 9 20
9 5 20
5 10 75
10 5 75
5 15 46
15 5 46
6 7 39
7 6 39
6 13 88
13 6 88
6 15 65
15 6 65
8 12 31
12 8 31
9 10 52
10 9 52
9 11 59
11 9 59
11 14 32
14 11 32
12 15 94
15 12 94
