18
2
9
0 3 62
3 0 62
0 16 59
16 0 59
1 5 51
5 1 51
1 13 25
13 1 25
2 12 34
12 2 34
3 12 74
12 3 74
4 6 62
6 4 62
4 8 38
8 4 38
5 11 69
11 5 69
6 11 78
11 6 78
7 15 15
15 7 15
7 17 80
17 7 80
8 16 87
16 8 87
9 10 16
10 9 16
10 14 61
14 10 61
13 17 46
17 13 46
14 15 33
15 14 33
