14
8
10
0 4 54
4 0 54
0 9 32
9 0 32
0 10 37
10 0 37
0 12 89
12 0 89
1 3 17
3 1 17
1 5 43
5 1 43
1 10 25
10 1 25
1 11 25
11 1 25
2 8 33
8 2 33
2 9 67
9 2 67
2 12 22
12 2 22
3 10 56
10 3 56
3 13 10
13 3 10
4 5 81
5 4 81
5 7 46
7 5 46
5 12 70
12 5 70
6 7 9
7 6 9
6 11 66
11 6 66
6 13 45
13 6 45
7 13 9
13 7 9
8 10 98
10 8 98
10 11 77
11 10 77
10 12 99
12 10 99
12 13 84
13 12 84
