13
11
12
0 2 96
2 0 96
0 6 22
6 0 22
0 12 14
12 0 14
1 3 63
3 1 63
1 6 30
6 1 30
1 10 31
10 1 31
2 4 77
4 2 77
2 5 50
5 2 50
2 8 75
8 2 75
3 5 69
5 3 69
3 8 57
8 3 57
4 11 84
11 4 84
5 8 33
8 5 33
7 9 49
9 7 49
8 11 69
11 8 69
9 10 8
10 9 8
9 11 85
11 9 85
10 12 31
12 10 31
