14
5
2
0 11 61
11 0 61
0 13 28
13 0 28
1 6 35
6 1 35
1 9 49
9 1 49
1 11 69
11 1 69
2 4 70
4 2 70
2 6 81
6 2 81
2 8 55
8 2 55
2 9 82
9 2 82
2 12 57
12 2 57
3 7 6
7 3 6
3 8 18
8 3 18
3 11 75
11 3 75
3 13 87
13 3 87
4 10 56
10 4 56
5 6 71
6 5 71
5 7 23
7 5 23
5 11 43
11 5 43
6 8 36
8 6 36
6 11 8
11 6 8
6 12 23
12 6 23
7 12 79
12 7 79
8 13 82
13 8 82
10 12 93
12 10 93
10 13 58
13 10 58
