14
10
3
0 3 85
3 0 85
0 11 84
11 0 84
1 6 3
6 1 3
1 10 56
10 1 56
1 13 8
13 1 8
2 5 69
5 2 69
2 9 22
9 2 22
2 13 17
13 2 17
3 6 54
6 3 54
3 7 80
7 3 80
4 5 69
5 4 69
4 7 65
7 4 65
4 12 62
12 4 62
5 9 28
9 5 28
5 12 19
12 5 19
6 9 7
9 6 7
6 13 34
13 6 34
7 8 55
8 7 55
8 9 76
9 8 76
8 11 75
11 8 75
9 12 26
12 9 26
10 12 39
12 10 39
10 13 74
13 10 74
