14
4
1
0 5 30
5 0 30
0 9 83
9 0 83
1 3 92
3 1 92
1 8 22
8 1 22
2 9 48
9 2 48
2 12 88
12 2 88
3 11 68
11 3 68
4 6 19
6 4 19
5 8 26
8 5 26
6 13 11
13 6 11
7 10 72
10 7 72
7 12 70
12 7 70
10 13 52
13 10 52
12 13 74
13 12 74
