16
3
5
0 1 12
1 0 12
0 7 77
7 0 77
1 8 63
8 1 63
1 12 90
12 1 90
2 4 33
4 2 33
2 9 49
9 2 49
3 6 38
6 3 38
3 15 49
15 3 49
4 14 25
14 4 25
5 6 57
6 5 57
5 10 28
10 5 28
6 13 67
13 6 67
7 8 25
8 7 25
8 10 16
10 8 16
8 13 43
13 8 43
9 12 48
12 9 48
10 11 14
11 10 14
13 15 41
15 13 41
