15
4
0
0 4 97
4 0 97
0 8 13
8 0 13
0 11 54
11 0 54
0 14 78
14 0 78
1 2 98
2 1 98
1 5 85
5 1 85
1 9 70
9 1 70
2 4 30
4 2 30
3 8 23
8 3 23
3 13 53
13 3 53
5 7 13
7 5 13
6 10 100
10 6 100
6 14 35
14 6 35
7 8 86
8 7 86
9 10 37
10 9 37
9 12 69
12 9 69
11 13 67
13 11 67
13 14 25
14 13 25
