10
2
7
0 5 19
5 0 19
0 6 13
6 0 13
0 9 54
9 0 54
1 2 77
2 1 77
1 3 86
3 1 86
1 4 95
4 1 95
1 6 95
6 1 95
2 7 69
7 2 69
2 8 27
8 2 27
3 5 84
5 3 84
3 7 48
7 3 48
4 5 42
5 4 42
5 9 13
9 5 13
6 8 99
8 6 99
6 9 66
9 6 66
