13
11
0
0 1 35
1 0 35
0 11 52
11 0 52
1 3 87
3 1 87
2 4 23
4 2 23
2 8 27
8 2 27
3 6 94
6 3 94
4 5 28
5 4 28
5 9 59
9 5 59
5 11 14
11 5 14
6 12 45
12 6 45
7 9 66
9 7 66
7 10 90
10 7 90
8 11 57
11 8 57
