17
7
5
0 8 17
8 0 17
0 9 21
9 0 21
1 4 72
4 1 72
1 8 89
8 1 89
2 5 89
5 2 89
3 15 88
15 3 88
3 16 96
16 3 96
4 7 93
7 4 93
5 13 5
13 5 5
6 13 59
13 6 59
6 16 87
16 6 87
7 11 4
11 7 4
9 10 69
10 9 69
10 14 92
14 10 92
11 12 48
12 11 48
14 15 99
15 14 99
