10
4
6
0 2 35
2 0 35
0 6 4
6 0 4
1 2 83
2 1 83
1 3 64
3 1 64
2 9 23
9 2 23
3 9 71
9 3 71
4 6 51
6 4 51
4 8 97
8 4 97
5 8 66
8 5 66
5 9 34
9 5 34
6 7 67
7 6 67
7 8 26
8 7 26
8 9 24
9 8 24
