15
4
11
0 3 38
3 0 38
0 7 54
7 0 54
1 7 23
7 1 23
1 12 74
12 1 74
1 14 95
14 1 95
2 10 60
10 2 60
2 11 36
11 2 36
3 4 66
4 3 66
3 5 12
5 3 12
4 11 83
11 4 83
4 13 58
13 4 58
6 9 62
9 6 62
6 11 9
11 6 9
6 14 41
14 6 41
7 9 45
9 7 45
7 12 30
12 7 30
8 11 34
11 8 34
8 12 8
12 8 8
10 13 69
13 10 69
13 14 79
14 13 79
