naive: 0.000103199 segundos, 0 KB de memoria
strassen: 0.00608975 segundos, 0 KB de memoria
