naive: 0.00298629 segundos, 0 KB de memoria
strassen: 0.284177 segundos, 128 KB de memoria
